niqe: 2.6827
psnr: 15.3882
ssim: 0.6554
fid: 0.0067
lse_c: 0.3903
lse_d: 0.4044

PRMSE: 2.961677881449758, AUCON : 0.7558749369638144, CSIM: 0.757752229254314