niqe: 4.8714
psnr: 24.7391
ssim: 0.8722
fid: 0.0004
lse_c: 0.2489
lse_d: 0.1020

 PRMSE: 1.601216509155132, AUCON : 0.8347432024164978, CSIM: 0.8902153855259736
