niqe: 4.7003
psnr: 24.7610
ssim: 0.8738
fid: 0.0005
lse_c: 0.2412
lse_d: 0.1010

 PRMSE: 1.3962652412197722, AUCON : 0.8390428211582677, CSIM: 0.8948365081693228