niqe: 2.7291
psnr: 15.3151
ssim: 0.6526
fid: 0.0067
lse_c: 0.3846
lse_d: 0.4047

100%|███████████████████████████████████████████████████████████████████████████████████████████████████████████████████| 2001/2001 [58:16<00:00,  1.75s/it]
 PRMSE: 2.6556226359385744, AUCON : 0.7693450881608215, CSIM: 0.7508928756710113
