niqe: 2.9154
psnr: 15.4496
ssim: 0.6546
fid: 0.0064
lse_c: 0.3900
lse_d: 0.3976
aucon: 0.4923
csim: 0.5561
prmse: 0.1936

 PRMSE: 12.562801158620402, AUCON : 0.6398890569840439, CSIM: 0.32219273304259594
