niqe: 4.5944
psnr: 24.4211
ssim: 0.8684
fid: 0.0006
lse_c: 0.2509
lse_d: 0.1080

 PRMSE: 1.601216509155132, AUCON : 0.8347432024164978, CSIM: 0.8902153855259736
